S1-1 40,50;200,50 150
S1-2 40,100;200,100 15
S1-3 40,150;200,150 15
S1-4 40,200;200,200 15
S2-1 200,50;250,50 100
S2-2 200,100;250,50 100
S2-3 250,150;200,150 100
S2-4 200,200;250,150 100
S3-1 250,50;400,50 150
S3-2 400,100;350,100;300,150;250,150 150
S4-1 450,50;500,50 150
S4-2 450,100;500,100 150
S5-1 550,50;600,50 100
S5-2 550,100;620,100 100
S6-1 600,50;650,50;650,200 130
S6-2 620,100;620,180;650,200 130
S7-1 650,200;650,250;600,250 80
S8-1 600,250;550,200;400,200;350,250 120
S8-2 600,250;350,250 120
S9-1 350,250;300,250 130
S10-1 300,250;50,250 100
S10-2 300,250;250,300;100,300;50,250 100
S11-1 40,250;40,350 130
S12-1 40,350;350,350 110
S13-1 350,350;400,300;500,300 75
S14-1 350,350;300,400;200,400 75
S15-1 200,400;40,400;40,600; 80
S16-1 40,600;40,650;650,650;650,500 70
S17-1 500,300;650,300;650,500 65
S18-1 350,350;370,350 85
S19-1 370,350;580,350 100
S19-2 370,350;400,400;550,400,580,350 100
S20-1 580,350;620,350;620,450 85
S21-1 620,450;620,470;600,470 95
S22-1 600,470;550,420;450,420;400,470 100
S22-2 600,470;400,470 100
S23-1 400,470;350,470 85
S24-1 350,470;300,520;280,520 85
S25-1 350,470;80,470 15
S25-2 280,520;80,520 100
S25-3 280,520;250,550;100,550;80,520 100
S26-1 80,520;50,520;50,600;80,600 75
S27-1 80,600;400,600 65
S28-1 400,600;450,600 90
S29-1 450,600;600,600 15 
S29-2 500,630;600,630 15
SW-1 250,50
SW-2 250,150
SW-3 450,50
SW-4 450,100
SW-5 550,50
SW-6 550,100
SW-7 650,200
SW-8 600,300
SW-9 350,300
SW-10 300,300
SW-11 50,300
SW-12 350,450
SW-13 350,450
SW-14 370,450
SW-15 550,450
SW-16 600,650
SW-17 400,650
SW-18 350,650
SW-19 280,700
SW-20 80,700
SW-21 450,780